%YAML:1.0
---
camera_matrix: !!opencv-matrix
   rows: 3
   cols: 3
   dt: d
   data: [ 5.4060281280000004e+02, 0., 240., 0., 1.7105108700000000e+02,
       135., 0., 0., 1. ]
dist_coeffs: !!opencv-matrix
   rows: 4
   cols: 1
   dt: d
   data: [ 0., 0., 0., 0. ]
resolution: !!opencv-matrix
   rows: 2
   cols: 1
   dt: i
   data: [ 1080, 1920 ]
project_matrix: !!opencv-matrix
   rows: 3
   cols: 3
   dt: d
   data: [ -3.5821991206455595e-01, -1.6905177467325654e+00,
       9.5287898755643232e+02, -6.1535173841283384e-03,
       -1.0378644862658297e+00, 4.8284295815776426e+02,
       -3.2386933600673913e-05, -2.6953374344921384e-03, 1. ]
scale_xy: !!opencv-matrix
   rows: 2
   cols: 1
   dt: f
   data: [ 1., 1. ]
shift_xy: !!opencv-matrix
   rows: 2
   cols: 1
   dt: f
   data: [ 0., 0. ]
