%YAML:1.0
---
camera_matrix: !!opencv-matrix
   rows: 3
   cols: 3
   dt: d
   data: [ 5.4060281280000004e+02, 0., 240., 0., 1.7105108700000000e+02,
       135., 0., 0., 1. ]
dist_coeffs: !!opencv-matrix
   rows: 4
   cols: 1
   dt: d
   data: [ 0., 0., 0., 0. ]
resolution: !!opencv-matrix
   rows: 2
   cols: 1
   dt: i
   data: [ 1080, 1920 ]
project_matrix: !!opencv-matrix
   rows: 3
   cols: 3
   dt: d
   data: [ -3.0736957082723892e-01, -1.7890650697304467e+00,
       9.4765974163121314e+02, 9.8175685436818427e-02,
       -1.3068728178938658e+00, 5.0820540485618460e+02,
       2.3181742745343646e-04, -3.3882933352142571e-03, 1. ]
scale_xy: !!opencv-matrix
   rows: 2
   cols: 1
   dt: f
   data: [ 1., 1. ]
shift_xy: !!opencv-matrix
   rows: 2
   cols: 1
   dt: f
   data: [ 0., 0. ]
