%YAML:1.0
---
camera_matrix: !!opencv-matrix
   rows: 3
   cols: 3
   dt: d
   data: [ 5.4060281280000004e+02, 0., 240., 0., 1.7105108700000000e+02,
       135., 0., 0., 1. ]
dist_coeffs: !!opencv-matrix
   rows: 4
   cols: 1
   dt: d
   data: [ 0., 0., 0., 0. ]
resolution: !!opencv-matrix
   rows: 2
   cols: 1
   dt: i
   data: [ 1080, 1920 ]
project_matrix: !!opencv-matrix
   rows: 3
   cols: 3
   dt: d
   data: [ -7.5478024262802479e-01, -3.6561927755965682e+00,
       1.3498435632596995e+03, -8.0775956309102044e-04,
       -2.2877589697233094e+00, 8.6441313023158193e+02,
       -4.2513661215303831e-06, -5.8569642251017594e-03, 1. ]
scale_xy: !!opencv-matrix
   rows: 2
   cols: 1
   dt: f
   data: [ 1., 1. ]
shift_xy: !!opencv-matrix
   rows: 2
   cols: 1
   dt: f
   data: [ -100., 0. ]
