%YAML:1.0
---
camera_matrix: !!opencv-matrix
   rows: 3
   cols: 3
   dt: d
   data: [ 5.4060281280000004e+02, 0., 240., 0., 1.7105108700000000e+02,
       135., 0., 0., 1. ]
dist_coeffs: !!opencv-matrix
   rows: 4
   cols: 1
   dt: d
   data: [ 0., 0., 0., 0. ]
resolution: !!opencv-matrix
   rows: 2
   cols: 1
   dt: i
   data: [ 1080, 1920 ]
project_matrix: !!opencv-matrix
   rows: 3
   cols: 3
   dt: d
   data: [ -7.4713622198888197e-01, -4.4958081007054531e+00,
       1.5861950435956123e+03, 2.4919363589612922e-01,
       -3.2413645310613055e+00, 9.9237898465149817e+02,
       6.0019133965936403e-04, -8.5110840755597411e-03, 1. ]
scale_xy: !!opencv-matrix
   rows: 2
   cols: 1
   dt: f
   data: [ 1., 8.00000012e-01 ]
shift_xy: !!opencv-matrix
   rows: 2
   cols: 1
   dt: f
   data: [ 350., 150. ]
